7995
4734
9059
231
5182
6436
1319
2397
7211
1010
4118
5058
6055
2479
1517
16
9492
7553
3467
8202
5722
9057
8373
9968
2570
7102
6619
1955
7758
437
5979
3930
6789
975
5061
5093
2750
1626
2671
8784
1202
8285
2282
4474
455
3767
7348
598
3938
727
9599
4177
972
1521
5873
6326
8185
2751
7774
830
5093
8358
5587
1516
5664
5611
405
3256
3660
2134
6058
9130
8660
2965
3733
1978
575
3476
7320
3749
1685
6508
7156
2147
5889
8041
4357
1350
8
833
5692
6773
1465
5234
7997
7866
5045
2795
2522
617
9489
9725
9279
2691
6169
723
6881
7770
168
5152
2384
8197
3670
3048
948
8646
3520
1506
8887
8666
1518
4636
9775
848
7409
5952
575
5230
844
6373
8062
9888
1988
105
5736
5763
4107
2462
1044
1009
3785
1186
1862
6942
4620
5428
9462
867
8786
9811
2897
1704
1684
1609
333
9239
870
4872
1827
126
1068
4356
2888
1669
9247
8897
8892
609
8335
2174
8600
2137
4459
4515
673
4487
7520
7351
5938
2817
1247
6932
2649
1561
6034
6127
2432
481
8895
7971
319
9507
9213
7213
2080
7216
2295
1198
5043
8231
1280
9084
4532
7784
7094
5850
1033
8538
841
7753
7296
1930
638
158
2777
1909
1119
2262
7583
5463
1477
1768
4685
4597
4265
2346
4398
4600
6806
951
1622
3899
852
2111
1343
8631
1233
4751
758
1069
5152
2498
9672
2452
8567
7320
2439
6851
1747
5479
6514
2961
479
559
7459
891
4533
5778
6122
9782
3092
2644
7819
6086
8755
4335
755
8782
3829
5786
3265
25
973
8843
8418
2056
1283
9562
6397
1997
3752
3704
6401
9639
7942
4721
171
1551
3820
1534
1676
1074
1641
1309
6731
304
486
2996
8167
1925
3705
5140
7568
3158
8151
6507
5334
5230
746
5805
546
7225
9523
1796
868
6209
5010
7941
1020
2311
2484
5028
7469
1908
2044
5291
8750
5265
7029
7799
8195
4100
5398
1236
9980
3115
4791
2138
4205
4350
2483
3816
5309
5616
4175
1536
1059
9574
8538
1683
2734
2108
9141
1374
4659
9140
1301
3477
7101
3952
391
9839
7439
7538
7011
8578
2414
2354
4484
3777
2493
6912
4967
1907
9480
7290
6610
6102
6262
3456
1719
723
3641
8614
7896
9844
5319
8138
9357
3603
3374
5318
1908
2677
8947
2984
2361
7751
9612
2065
2919
4695
2415
2763
1309
3399
1914
2798
2292
6669
517
2229
7920
8686
437
1004
9413
9405
738
3229
2492
8414
9226
9819
2870
6800
2215
142
4368
4346
4687
9409
5735
2325
7100
2408
9262
3226
9835
9734
9406
270
4312
2622
7918
1435
7114
2728
8147
5953
4186
8326
2697
1197
1914
9415
3890
4088
5956
8300
8895
2803
816
3050
5133
8257
7194
399
3985
4103
7763
1656
9928
9167
4583
946
4360
915
3264
7664
1275
2312
2617
9693
8301
9624
8757
2034
1075
1653
864
3562
910
5339
1238
387
1569
6549
1491
7480
5279
2051
5818
6397
9625
9786
251
6939
71
5149
1311
3965
5300
5466
501
8714
7807
8072
2674
7107
1551
8000
4084
991
8326
249
7560
3094
2058
2649
3533
3979
3120
872
2489
7757
2521
5479
3914
9919
9746
2705
9279
1287
2215
4864
7688
4660
7128
2532
9419
5572
1774
8560
6441
9700
5391
837
1456
6041
9104
1699
8850
2575
6587
8749
790
5504
3666
9292
5693
1559
8258
7159
5256
790
5035
4114
1545
1924
9583
9540
7575
4331
5385
1229
6277
9457
9296
2024
197
5605
6236
8541
1113
1069
7705
570
4874
6446
9130
5667
3853
6955
2351
936
2931
1297
569
3750
5887
4483
4829
6177
4094
1793
8120
8064
2850
6846
4642
6505
6655
2434
774
2174
8746
7917
4833
72
8958
6126
6009
4276
1408
5251
1712
2539
1590
9745
6649
4006
3748
6967
1002
5601
3223
7870
1202
8048
4630
4643
7901
4752
998
3144
8294
1295
9388
1159
4812
9838
2856
3289
5192
3413
5056
9015
9598
2712
7818
5199
6594
9273
1839
3592
5341
8751
2044
1209
9648
4325
4843
2439
184
6085
8994
3086
8162
8759
9897
3955
817
4692
3682
951
3054
9376
6244
398
7744
3816
9336
6529
3052
3640
4392
3696
2494
7104
8772
6428
6729
2504
7624
2180
2779
7601
4779
6350
8005
4350
8040
4585
3433
5539
2450
6400
2533
1548
100
6673
4223
450
1159
1343
1393
5354
3783
7269
8983
3758
8920
2413
2278
2352
9092
9232
1615
5243
2553
4062
6469
316
9105
6448
6188
6594
1938
7356
9282
82
967
3000
2818
8830
1134
3219
3542
5127
9908
3889
4269
1280
8062
6789
6078
3333
1817
8548
7260
7196
6580
7783
3226
298
2060
8065
6177
9849
8824
5810
1055
3753
2407
6891
3650
2949
8247
3
9686
2295
3575
5482
2459
6622
5679
5916
10
9071
3118
7432
7689
490
6724
3345
4510
7631
5090
308
8976
6145
4318
5259
8324
1033
7195
978
9783
110
6009
5512
1031
1427
7577
4633
3991
1745
5779
4889
1442
2887
8459
3843
5519
5471
1217
5315
9270
2580
2825
9169
9267
4097
7995
7935
5352
7323
1787
244
6152
5393
9067
2298
5345
4018
3920
6277
553
9152
739
310
1533
2260
824
5327
774
259
5588
2535
253
2335
4650
1295
6367
5633
5031
9270
7428
7717
159
7563
5101
2726
9367
9953
349
189
1061
7704
170
196
229
7513
9700
7135
4109
7314
8117
6285
963
4275
3992
3786
3630
152
2543
5993
7898
4504
864
1474
4431
925
3616
6582
1684
1269
3091
8058
9441
1320
5506
4003
7826
3339
3614
8847
9731
4821
6852
1061
1304
6848
5282
5213
9275
4322
6393
8194
7436
4844
227
4775
1476
7907
6086
1976
4698
5005
1642
4371
3178
190
9400
3015
8867
3364
276
5660
7248
6288
6460
4339
3401
5302
7169
126
315
5814
2229
1331
7317
4700
3877
3502
7380
6740
4314
4469
6081
2499
6795
1104
8378
6962
2101
216
9823
1900
9405
