3
8
10
16
25
71
72
82
100
105
110
126
126
142
152
158
159
168
170
171
184
189
190
196
197
216
227
229
231
244
249
251
253
259
270
276
298
304
308
310
315
316
319
333
349
387
391
398
399
405
437
437
450
455
479
481
486
490
501
517
546
553
559
569
570
575
575
598
609
617
638
673
723
723
727
738
739
746
755
758
774
774
790
790
816
817
824
830
833
837
841
844
848
852
864
864
867
868
870
872
891
910
915
925
936
946
948
951
951
963
967
972
973
975
978
991
998
1002
1004
1009
1010
1020
1031
1033
1033
1044
1055
1059
1061
1061
1068
1069
1069
1074
1075
1104
1113
1119
1134
1159
1159
1186
1197
1198
1202
1202
1209
1217
1229
1233
1236
1238
1247
1269
1275
1280
1280
1283
1287
1295
1295
1297
1301
1304
1309
1309
1311
1319
1320
1331
1343
1343
1350
1374
1393
1408
1427
1435
1442
1456
1465
1474
1476
1477
1491
1506
1516
1517
1518
1521
1533
1534
1536
1545
1548
1551
1551
1559
1561
1569
1590
1609
1615
1622
1626
1641
1642
1653
1656
1669
1676
1683
1684
1684
1685
1699
1704
1712
1719
1745
1747
1768
1774
1787
1793
1796
1817
1827
1839
1862
1900
1907
1908
1908
1909
1914
1914
1924
1925
1930
1938
1955
1976
1978
1988
1997
2024
2034
2044
2044
2051
2056
2058
2060
2065
2080
2101
2108
2111
2134
2137
2138
2147
2174
2174
2180
2215
2215
2229
2229
2260
2262
2278
2282
2292
2295
2295
2298
2311
2312
2325
2335
2346
2351
2352
2354
2361
2384
2397
2407
2408
2413
2414
2415
2432
2434
2439
2439
2450
2452
2459
2462
2479
2483
2484
2489
2492
2493
2494
2498
2499
2504
2521
2522
2532
2533
2535
2539
2543
2553
2570
2575
2580
2617
2622
2644
2649
2649
2671
2674
2677
2691
2697
2705
2712
2726
2728
2734
2750
2751
2763
2777
2779
2795
2798
2803
2817
2818
2825
2850
2856
2870
2887
2888
2897
2919
2931
2949
2961
2965
2984
2996
3000
3015
3048
3050
3052
3054
3086
3091
3092
3094
3115
3118
3120
3144
3158
3178
3219
3223
3226
3226
3229
3256
3264
3265
3289
3333
3339
3345
3364
3374
3399
3401
3413
3433
3456
3467
3476
3477
3502
3520
3533
3542
3562
3575
3592
3603
3614
3616
3630
3640
3641
3650
3660
3666
3670
3682
3696
3704
3705
3733
3748
3749
3750
3752
3753
3758
3767
3777
3783
3785
3786
3816
3816
3820
3829
3843
3853
3877
3889
3890
3899
3914
3920
3930
3938
3952
3955
3965
3979
3985
3991
3992
4003
4006
4018
4062
4084
4088
4094
4097
4100
4103
4107
4109
4114
4118
4175
4177
4186
4205
4223
4265
4269
4275
4276
4312
4314
4318
4322
4325
4331
4335
4339
4346
4350
4350
4356
4357
4360
4368
4371
4392
4398
4431
4459
4469
4474
4483
4484
4487
4504
4510
4515
4532
4533
4583
4585
4597
4600
4620
4630
4633
4636
4642
4643
4650
4659
4660
4685
4687
4692
4695
4698
4700
4721
4734
4751
4752
4775
4779
4791
4812
4821
4829
4833
4843
4844
4864
4872
4874
4889
4967
5005
5010
5028
5031
5035
5043
5045
5056
5058
5061
5090
5093
5093
5101
5127
5133
5140
5149
5152
5152
5182
5192
5199
5213
5230
5230
5234
5243
5251
5256
5259
5265
5279
5282
5291
5300
5302
5309
5315
5318
5319
5327
5334
5339
5341
5345
5352
5354
5385
5391
5393
5398
5428
5463
5466
5471
5479
5479
5482
5504
5506
5512
5519
5539
5572
5587
5588
5601
5605
5611
5616
5633
5660
5664
5667
5679
5692
5693
5722
5735
5736
5763
5778
5779
5786
5805
5810
5814
5818
5850
5873
5887
5889
5916
5938
5952
5953
5956
5979
5993
6009
6009
6034
6041
6055
6058
6078
6081
6085
6086
6086
6102
6122
6126
6127
6145
6152
6169
6177
6177
6188
6209
6236
6244
6262
6277
6277
6285
6288
6326
6350
6367
6373
6393
6397
6397
6400
6401
6428
6436
6441
6446
6448
6460
6469
6505
6507
6508
6514
6529
6549
6580
6582
6587
6594
6594
6610
6619
6622
6649
6655
6669
6673
6724
6729
6731
6740
6773
6789
6789
6795
6800
6806
6846
6848
6851
6852
6881
6891
6912
6932
6939
6942
6955
6962
6967
7011
7029
7094
7100
7101
7102
7104
7107
7114
7128
7135
7156
7159
7169
7194
7195
7196
7211
7213
7216
7225
7248
7260
7269
7290
7296
7314
7317
7320
7320
7323
7348
7351
7356
7380
7409
7428
7432
7436
7439
7459
7469
7480
7513
7520
7538
7553
7560
7563
7568
7575
7577
7583
7601
7624
7631
7664
7688
7689
7704
7705
7717
7744
7751
7753
7757
7758
7763
7770
7774
7783
7784
7799
7807
7818
7819
7826
7866
7870
7896
7898
7901
7907
7917
7918
7920
7935
7941
7942
7971
7995
7995
7997
8000
8005
8040
8041
8048
8058
8062
8062
8064
8065
8072
8117
8120
8138
8147
8151
8162
8167
8185
8194
8195
8197
8202
8231
8247
8257
8258
8285
8294
8300
8301
8324
8326
8326
8335
8358
8373
8378
8414
8418
8459
8538
8538
8541
8548
8560
8567
8578
8600
8614
8631
8646
8660
8666
8686
8714
8746
8749
8750
8751
8755
8757
8759
8772
8782
8784
8786
8824
8830
8843
8847
8850
8867
8887
8892
8895
8895
8897
8920
8947
8958
8976
8983
8994
9015
9057
9059
9067
9071
9084
9092
9104
9105
9130
9130
9140
9141
9152
9167
9169
9213
9226
9232
9239
9247
9262
9267
9270
9270
9273
9275
9279
9279
9282
9292
9296
9336
9357
9367
9376
9388
9400
9405
9405
9406
9409
9413
9415
9419
9441
9457
9462
9480
9489
9492
9507
9523
9540
9562
9574
9583
9598
9599
9612
9624
9625
9639
9648
9672
9686
9693
9700
9700
9725
9731
9734
9745
9746
9775
9782
9783
9786
9811
9819
9823
9835
9838
9839
9844
9849
9888
9897
9908
9919
9928
9953
9968
9980
